Skeletool Camera Calibration File V1.0
name          0
  sensor      10 10
  size        2048 2048
  animated    0
  intrinsic   1497.693 0 1024.704 0 0 1497.103 1051.394 0 0 0 1 0 0 0 0 1 
  extrinsic   0.9650164 0.00488022 0.262144 -562.8666 -0.004488356 -0.9993728 0.0351275 1398.138 0.262151 -0.03507521 -0.9643893 3852.623 0 0 0 1 
  radial      0
name          1
  sensor      10 10
  size        2048 2048
  animated    0
  intrinsic   1495.217 0 1030.519 0 0 1495.52 1052.626 0 0 0 1 0 0 0 0 1 
  extrinsic   0.6050639 -0.02184232 0.7958773 -1429.856 -0.22647 -0.9630526 0.1457429 738.1779 0.7632883 -0.2684261 -0.587655 4897.966 0 0 0 1 
  radial      0
name          2
  sensor      10 10
  size        2048 2048
  animated    0
  intrinsic   1495.587 0 983.8873 0 0 1497.828 987.5902 0 0 0 1 0 0 0 0 1 
  extrinsic   -0.3608179 -0.009492658 0.932588 57.25702 -0.0585942 -0.9977421 -0.03282591 1307.287 0.9307939 -0.06648842 0.359447 2799.822 0 0 0 1 
  radial      0
name          3
  sensor      10 10
  size        2048 2048
  animated    0
  intrinsic   1495.886 0 1029.06 0 0 1496.033 1041.409 0 0 0 1 0 0 0 0 1 
  extrinsic   -0.0721105 -0.04817664 0.9962325 -284.8168 -0.4393254 -0.8951841 -0.07508985 807.9184 0.895429 -0.443085 0.04338695 3177.16 0 0 0 1 
  radial      0
name          4
  sensor      10 10
  size        2048 2048
  animated    0
  intrinsic   1490.952 0 987.6075 0 0 1491.108 1019.069 0 0 0 1 0 0 0 0 1 
  extrinsic   0.3737275 0.09688602 0.9224646 -1563.911 -0.009716132 -0.9940662 0.1083427 801.9608 0.9274878 -0.04945343 -0.3705685 3517.316 0 0 0 1 
  radial      0
name          5
  sensor      10 10
  size        2048 2048
  animated    0
  intrinsic   1500.414 0 1012.331 0 0 1499.971 998.5009 0 0 0 1 0 0 0 0 1 
  extrinsic   -0.3521056 0.01328985 -0.9358659 358.4134 -0.04961938 -0.9987582 0.004485628 994.5658 -0.9346441 0.0480165 0.3523278 3439.832 0 0 0 1 
  radial      0
name          6
  sensor      10 10
  size        2048 2048
  animated    0
  intrinsic   1498.471 0 999.7319 0 0 1498.8 1010.251 0 0 0 1 0 0 0 0 1 
  extrinsic   -0.9150326 -0.04843184 0.4004618 569.4388 -0.1804886 -0.8386868 -0.5138369 528.871 0.3607481 -0.5424563 0.7586845 3687.369 0 0 0 1 
  radial      0
name          7
  sensor      10 10
  size        2048 2048
  animated    0
  intrinsic   1498.831 0 987.2716 0 0 1499.674 976.8773 0 0 0 1 0 0 0 0 1 
  extrinsic   -0.9995936 0.02847456 0.001368653 1378.866 -0.02843213 -0.9992908 0.0246889 1270.781 0.002070688 0.02463995 0.9996943 2631.567 0 0 0 1 
  radial      0
name          8
  sensor      10 10
  size        2048 2048
  animated    0
  intrinsic   1500.172 0 1017.387 0 0 1500.837 1043.032 0 0 0 1 0 0 0 0 1 
  extrinsic   0.000575281 0.06160985 -0.9981001 221.3543 0.2082146 -0.9762325 -0.06013997 659.87 -0.978083 -0.2077844 -0.01338968 3644.688 0 0 0 1 
  radial      0
name          9
  sensor      10 10
  size        2048 2048
  animated    0
  intrinsic   1501.554 0 1010.423 0 0 1501.9 1037.096 0 0 0 1 0 0 0 0 1 
  extrinsic   0.04176839 0.00780962 -0.9990969 388.6217 0.5555364 -0.831324 0.01672664 137.5452 -0.8304425 -0.5557333 -0.03906159 4216.635 0 0 0 1 
  radial      0
name          10
  sensor      10 10
  size        2048 2048
  animated    0
  intrinsic   1498.423 0 1041.614 0 0 1498.585 997.0433 0 0 0 1 0 0 0 0 1 
  extrinsic   -0.8970265 0.1361548 -0.4204822 1167.962 0.09417118 -0.8706428 -0.4828178 617.6362 -0.4318278 -0.4726976 0.7681679 4472.351 0 0 0 1 
  radial      0
name          11
  sensor      10 10
  size        2048 2048
  animated    0
  intrinsic   1495.779 0 1009.802 0 0 1493.703 999.9984 0 0 0 1 0 0 0 0 1 
  extrinsic   0.9170455 0.1972746 -0.3465695 134.8272 0.1720879 0.5882171 0.7901813 251.5094 0.3597408 -0.7842726 0.5054733 4570.244 0 0 0 1 
  radial      0
name          12
  sensor      10 10
  size        2048 2048
  animated    0
  intrinsic   1501.326 0 1000.56 0 0 1501.491 1014.975 0 0 0 1 0 0 0 0 1 
  extrinsic   -0.7926738 0.1323657 0.5951031 412.4695 -0.396246 0.6299778 -0.66792 532.7588 -0.4633114 -0.7652499 -0.4469175 4887.095 0 0 0 1 
  radial      0
name          13
  sensor      10 10
  size        2048 2048
  animated    0
  intrinsic   1496.961 0 1005.702 0 0 1497.378 1004.214 0 0 0 1 0 0 0 0 1 
  extrinsic   -0.8701088 -0.09522671 -0.4835728 867.1278 0.4120245 0.3978655 -0.8197188 827.4572 0.270456 -0.9124883 -0.3069505 3985.159 0 0 0 1 
  radial      0
